--------------------------------------
COB-ID BusNummer EventTime Mapping...
______________________________________
TPDO CFG
304 0 1 63000704 63000804
504 0 1 63000904 63000a04
204 0 3 63000504 63000604
208 1 1 61000104 61000204
183 0 1 64002204 65001904
--------------------------------------
COB-ID BusNummer Mapping...
______________________________________
RPDO CFG
184 0 63000104 63000204
284 0 63000304 63000404
188 1 61000304 61000404
288 1 61000504 61000604
182 0 64000004 65006a04
192 0 63000c04 63000d04
202 0 63000e04 63000f04
212 0 65003104 65003204
222 0 65003304 65003404
--------------------------------------