--------------------------------------
COB-ID BusNummer EventTime Mapping...
______________________________________
TPDO CFG
304 0 1 63000704 63000804
504 0 1 63000904 63000a04
182 0 5 64000004 65006904
192 0 3 63001204 63001304
202 0 3 63001404 63001504
212 0 50 65000104 65000204
222 0 50 65000304 65000404
209 1 1 61000104 61000204
20a 1 1 61010104 61010204
20b 1 1 61020104 61020204
20c 1 1 61030104 61030204
210 1 1 61040104 61040204
20f 1 1 61050104 61050204
20e 1 1 61060104 61060204
20d 1 1 61070104 61070204
182 2 1 60000d04 60002a04
192 2 1 60000e04 60002b04
202 2 1 60000f04 60002c04
212 2 1 60001004 60002d04
--------------------------------------
COB-ID BusNummer Mapping...
______________________________________
RPDO CFG
184 0 63000104 63000204
284 0 63000304 63000404
183 0 63001004 63001104
189 1 61000304 61000404
18a 1 61010304 61010404
18b 1 61020304 61020404
18c 1 61030304 61030404
190 1 61040304 61040404
18f 1 61050304 61050404
18e 1 61060304 61060404
18d 1 61070304 61070404
185 3 66000504 66000604
285 3 66000704 66000804
385 3 66000904 66000a04
485 3 66000b04 66000c04
186 3 66000d04 66000e04
286 3 66000f04 66001004
386 3 66001104 66001204
486 3 66001304 66001404
--------------------------------------